"baseMean" "log2FoldChange" "lfcSE" "stat" "pvalue" "padj"
"AT1G01060" 1924.91587013208 0.785536360551063 0.12938383336518 6.07136409642401 1.2682826844347e-09 1.81232148992963e-07
"AT1G01120" 21192.1996918844 0.737391851517424 0.151497488541394 4.86735363481582 1.13102538348563e-06 6.597397200999e-05
"AT1G01130" 165.235252679222 0.643740830127832 0.182957871561757 3.51851945277216 0.000433961998888622 0.00788443282224164
"AT1G01600" 900.206502175564 0.676507652270471 0.159599034042605 4.2387954058035 2.24722339102187e-05 0.000782396520533354
"AT1G01630" 920.028946618101 0.793608011124044 0.138759501953344 5.71930570485101 1.06960203841209e-08 1.2272497871278e-06
"AT1G01790" 1257.98662238799 0.600191572690525 0.157851909242872 3.80224462009557 0.000143391042715706 0.00334320737430854
"AT1G02810" 724.015872127866 0.700575734829746 0.208437823477844 3.36107776957388 0.000776389616211029 0.0120638205075299
"AT1G03420" 427.945138290356 0.595990802168115 0.148506842467326 4.01322115712777 5.98957474712124e-05 0.00170133140256034
"AT1G03820" 335.4150346911 1.3333124594014 0.185045341483098 7.20532842769885 5.79041122301105e-13 1.60559831198063e-10
"AT1G04240" 8082.49713971811 0.604426446962517 0.157469023571516 3.83838315151559 0.000123847125421262 0.00301741343651885
"AT1G07720" 7265.90115987118 0.828270781426117 0.171367898633446 4.83329017879702 1.34294812477086e-06 7.53733680052117e-05
"AT1G08310" 457.241531004801 1.4121247141019 0.198217891207456 7.1241032053154 1.04760526671509e-12 2.77282066730999e-10
"AT1G08650" 2384.68072058635 0.791888382440796 0.141290690087317 5.60467488658605 2.08646226232235e-08 2.19899905040779e-06
"AT1G09300" 326.927029877603 0.641139331391653 0.189553050867812 3.38237410823191 0.000718622071299764 0.0114331593474823
"AT1G09350" 58.1149033376283 1.19586366430371 0.295477810296147 4.04721986772929 5.18295528958718e-05 0.00152618703672648
"AT1G09486" 117.519663161077 1.20195726386624 0.234966972325638 5.11543070061977 3.13025858848403e-07 2.22286533667591e-05
"AT1G10060" 239.690329783126 0.720403820483199 0.189526211811155 3.80107750584397 0.000144068225210464 0.00335228481678534
"AT1G10360" 412.684908293935 0.767642316131786 0.181159444658868 4.23738501504734 2.26138164820381e-05 0.000784979155737154
"AT1G10682" 15116.9956747133 0.622874771082345 0.172524402535525 3.61035750263842 0.000305775255694494 0.00602840714675003
"AT1G11670" 1850.4404924215 0.643932472475522 0.130078824890184 4.95032510494424 7.40896122151257e-07 4.62652881424855e-05
"AT1G12013" 223.268000798935 0.655860547362545 0.171068953020063 3.83389584015065 0.000126129567679317 0.0030570342251682
"AT1G12400" 261.824010809992 0.688161639090338 0.190717953327656 3.60826879212608 0.000308247045017193 0.00604351024624618
"AT1G12805" 24.308831058531 3.54554244141188 0.648812767698715 5.46466194552186 4.63789801556432e-08 4.32103682314096e-06
"AT1G13600" 68.9620468840735 1.5733312400762 0.372430639796225 4.22449463593286 2.39477555346158e-05 0.000823915985099365
"AT1G14240" 967.314512543311 0.87845310810004 0.221089406057778 3.97329353659972 7.08856034201582e-05 0.00192881714353075
"AT1G14790" 1403.0109155244 0.607723072525882 0.126568248903774 4.80154444569991 1.57446552911895e-06 8.71079598675499e-05
"AT1G16515" 156.104976485066 0.994193551385794 0.20469943131973 4.85684569310266 1.19270466720136e-06 6.83262929871751e-05
"AT1G16930" 1024.82590100471 0.821017410080757 0.124221764137876 6.60928795995441 3.86172906604611e-11 7.43366887655753e-09
"AT1G17190" 2898.68804188967 0.740452442623501 0.146635137312347 5.04962491388585 4.4267839474262e-07 2.97143088482568e-05
"AT1G17560" 51.7812091352871 0.967725046441944 0.27784202897136 3.48300453327635 0.000495819968623276 0.00878891834792492
"AT1G17744" 22.4997687500102 1.48703697424604 0.452216372616578 3.28833068480441 0.00100783384986347 0.0144547204624507
"AT1G17970" 709.726027541157 0.627458470225587 0.170217340369407 3.68621944664316 0.00022761010353517 0.00480207838001918
"AT1G18140" 158.81529150724 0.804226494625789 0.250401170628486 3.21175213601137 0.00131928146020881 0.0174935443288195
"AT1G18290" 471.88762647058 0.615970479295012 0.142777530727702 4.31419759226514 1.60183632743339e-05 0.000595055370631237
"AT1G18630" 87.9109669592486 0.772697454158235 0.233287948828235 3.31220475827989 0.000925637706164875 0.0135682526444256
"AT1G18990" 123.921016242805 1.86429877750404 0.263876645313067 7.06503895140932 1.60570946568087e-12 4.06523748637379e-10
"AT1G19380" 407.188781941296 0.602196561932697 0.168855462492151 3.56634338649654 0.000361996979471531 0.00686615117740301
"AT1G21140" 79.0800529901081 0.788293144333376 0.278425968737037 2.83124863642978 0.00463666621694494 0.042856043462334
"AT1G21150" 48.3621791448123 1.06249479068544 0.328863444729672 3.23080843344817 0.0012344064181257 0.0166967446521393
"AT1G22190" 5490.52050412621 0.687236444086209 0.125001356603168 5.49783188568044 3.84489214919755e-08 3.68540032671231e-06
"AT1G22500" 2570.33908456425 0.695039021661041 0.23577247921986 2.94792260725609 0.00319917145358017 0.0325109517874299
"AT1G23850" 307.502191325199 0.595524696652641 0.14745001440933 4.03882426894466 5.37197911615428e-05 0.00156405171966832
"AT1G24020" 49.8362769138175 1.33449485666165 0.295090592337805 4.52232260638791 6.11647419279223e-06 0.000269819918368403
"AT1G26440" 1746.55428119192 0.612941552388465 0.131267621426956 4.66940396820962 3.02074863478933e-06 0.000151486526038307
"AT1G26940" 622.359342818592 0.812546941365846 0.128889529394623 6.30421218218631 2.89663449946805e-10 4.81917219725784e-08
"AT1G27030" 8275.3275334907 0.60830181306025 0.182091980325717 3.3406293455217 0.000835887345605918 0.0127501558964329
"AT1G27590" 821.886911199542 0.582671902147389 0.0937174307487877 6.21732688883947 5.05695566546752e-10 7.90514170201808e-08
"AT1G27610" 21.3652185405948 1.52642708282594 0.484770134916706 3.1487646884192 0.00163962163256849 0.020400676851381
"AT1G28450" 46.9914281936442 1.81562472298298 0.404071822534478 4.49332178520827 7.012070548509e-06 0.000303015115428333
"AT1G28620" 106.074039781116 0.982950510663083 0.330005204145415 2.97859093831124 0.00289577085769238 0.0303533395415934
"AT1G28765" 330.203324192837 1.08203208131331 0.167645872248154 6.45427213210269 1.08740257965419e-10 1.96339386707793e-08
"AT1G29430" 605.517288263991 0.841317284320524 0.24029381839608 3.50120236107684 0.000463164008623398 0.00829847391450475
"AT1G29440" 899.02478132284 0.799085392252458 0.185774640829504 4.30136959858706 1.69745656861753e-05 0.000622632415688811
"AT1G29450" 952.902105922765 0.683223721453874 0.214193219190211 3.18975420434364 0.00142393845875927 0.0184683295838492
"AT1G29460" 881.173846000934 0.582137487674907 0.190625035417308 3.05383543352801 0.00225935982319079 0.0256832645201366
"AT1G29500" 1682.07465941848 0.799871659859039 0.188331713531516 4.2471426870185 2.16514077990145e-05 0.00076064040792556
"AT1G29640" 841.06890015189 0.608517130307189 0.13717705535197 4.43599790610647 9.16467384224892e-06 0.000379949153051825
"AT1G30260" 275.428543850159 0.986388904259457 0.200020680549645 4.93143459740723 8.16278986418933e-07 5.01656204529546e-05
"AT1G30480" 351.629747080738 1.86956901729385 0.225632059939609 8.2859191986912 1.17200335755236e-16 5.93441352263253e-14
"AT1G30680" 394.264973370095 0.667617825902346 0.140499601817406 4.75174176486267 2.01671833298316e-06 0.00010651565399511
"AT1G30935" 151.386171267673 0.77026106202176 0.173656404188117 4.43554653583266 9.18389889954394e-06 0.000379949153051825
"AT1G30940" 18.5376229786634 1.64373496019673 0.49713440989182 3.30641960703226 0.000944964622395099 0.0137934972651528
"AT1G31173" 948.781293911582 0.944728543749142 0.191914926769572 4.92264233768256 8.5383418835298e-07 5.21981782549019e-05
"AT1G31310" 208.541959193664 0.581486506761517 0.172727207495164 3.36650210001107 0.00076128002563504 0.0119164881432065
"AT1G31840" 58.8519470045581 0.80670624251308 0.285186028900765 2.82870183235304 0.00467372202776791 0.0430139373920945
"AT1G32070" 603.338075887343 0.833032708958568 0.122905775778855 6.77781579978348 1.22006259907994e-11 2.63126833868241e-09
"AT1G32270" 130.647622021728 0.761139417288683 0.236487056030405 3.21852464174963 0.00128851898890161 0.017208821266913
"AT1G33260" 110.746215227907 1.17482020022272 0.263724417369488 4.45472668758141 8.40001340036541e-06 0.000355087317824521
"AT1G33320" 25.7094432591699 1.35446508763154 0.449021017080415 3.01648483280009 0.00255724010910929 0.027886191793875
"AT1G33440" 552.189226791826 0.584180634903972 0.174162304385188 3.35423119811254 0.000795858357849151 0.0123006853822312
"AT1G34040" 220.929463234907 0.75053918932112 0.16787695241354 4.47076968297756 7.7938596301999e-06 0.00033309096973691
"AT1G34440" 33.3453159839975 4.34772605221626 0.582221942478262 7.46747199823817 8.17501152653836e-14 2.60838860926207e-11
"AT1G35612" 2287.16734893453 0.705772748617323 0.123905656147089 5.69604948283795 1.2261530389661e-08 1.39314910163895e-06
"AT1G36340" 156.524206096182 0.752869703943434 0.263570588916449 2.85642532058875 0.00428440779720771 0.0403364698514802
"AT1G43775" 359.273713541517 1.12048864221027 0.161858921064544 6.92262517778341 4.43349724928723e-12 1.02242592010295e-09
"AT1G43800" 43.0187091711504 2.00009181749399 0.70375804318401 2.8420162822509 0.00448292020115337 0.0417349489979279
"AT1G43883" 10.073834930664 3.15580590675817 0.941896500992909 3.35048055007259 0.000806714745277274 0.0124222676980246
"AT1G44090" 25.0620816317317 1.77097026178298 0.636773199820239 2.78116331259375 0.00541644817440666 0.0478059533453126
"AT1G45191" 47.7961045013718 1.04028141115724 0.296851637240934 3.50438158544807 0.000457669055115116 0.00823804299207209
"AT1G45201" 275.351099644108 1.07741390370754 0.315161028203247 3.41861400138826 0.000629409452733942 0.0104354207394139
"AT1G47565" 526.974133455394 0.702404771261769 0.125591337491588 5.59278040421233 2.23461848460708e-08 2.31327705526525e-06
"AT1G47610" 93.8210189641233 1.22527507954675 0.317772627669314 3.85582322975223 0.000115340815474682 0.00286714863824577
"AT1G47655" 261.8547717035 0.686600986686024 0.152387195843023 4.50563436703243 6.61749487600157e-06 0.000288102225517437
"AT1G47820" 150.986434223088 0.631454825949194 0.17891797220875 3.52929791319372 0.000416663794048333 0.00766363905914886
"AT1G48430" 1606.76275365233 0.607692999639455 0.074683684359628 8.13689100705318 4.05557509727816e-16 1.81658567626544e-13
"AT1G48690" 196.071317027693 0.903580880310547 0.224459186743737 4.02559099237117 5.68323982954445e-05 0.00163829235284343
"AT1G48745" 262.241613010398 0.728460843981556 0.188346409275993 3.86766515370149 0.000109882407165462 0.0027549849598471
"AT1G49450" 166.065922668303 0.874857795913264 0.23326452799854 3.75049650034548 0.000176484768404839 0.00392240765809687
"AT1G49570" 2787.10316483681 0.807458432904696 0.181810083281987 4.44121920153531 8.94506169164531e-06 0.000372050673074647
"AT1G49590" 952.513293644327 0.589500819936369 0.0959685940289051 6.14264307924336 8.1159514404842e-10 1.23553425458665e-07
"AT1G49700" 5714.659746433 1.05869786411257 0.123219076603488 8.59199641236889 8.54710586868886e-18 4.97697974733752e-15
"AT1G50390" 40.7907211504444 1.37539344923225 0.392516487104101 3.50403994333994 0.000458256616756616 0.00824224951157924
"AT1G50400" 63.1032020527999 1.10014046230502 0.330707359844116 3.3266283000886 0.000879035427440892 0.0131884286311091
"AT1G50790" 200.866188795101 0.792361740430284 0.194410491389608 4.07571492035558 4.58731909824261e-05 0.00140104721536777
"AT1G52290" 339.001326892794 0.667133731170275 0.166668070635831 4.00276866843895 6.26055099698844e-05 0.00176538442883601
"AT1G52342" 4339.30066002619 0.625276297690281 0.133756315636762 4.67474223339347 2.94323055980084e-06 0.000148384688742167
"AT1G52618" 166.956085489866 0.609943887138668 0.163499829653689 3.73054753898275 0.00019106408604138 0.0041865142916988
"AT1G52827" 962.848665566804 0.637110391976391 0.120867915604084 5.27112913954199 1.35587024721721e-07 1.06219771767145e-05
"AT1G53350" 183.028100314294 0.828463651460018 0.183983839525554 4.50291532993555 6.70275927464015e-06 0.000290727502839699
"AT1G53480" 1025.09338887184 3.78263713388191 0.118546573768296 31.908447571629 2.0387168319637e-223 4.74857924500986e-219
"AT1G53490" 314.381660205487 1.5694141888036 0.176477863478725 8.89298044450092 5.9491286792031e-19 4.46990661922576e-16
"AT1G55120" 351.979531266775 0.656034211684247 0.123722403513449 5.30246901979184 1.14246859377678e-07 9.27190888022604e-06
"AT1G55240" 3154.02700196144 0.916853613182641 0.253062178803507 3.62303690546561 0.000291164260123477 0.00580633385855824
"AT1G55320" 94.3093315638136 0.760944616773615 0.229721786230413 3.31246169229408 0.000924787900618854 0.0135682526444256
"AT1G56520" 91.6199007905332 1.35993075239584 0.271952360510742 5.00062124793406 5.71458767044055e-07 3.66678170853723e-05
"AT1G56540" 539.576535075788 0.691080213239705 0.146661560158636 4.71207460558992 2.45207569489444e-06 0.000127486042601521
"AT1G56612" 551.250659471856 0.590453886963967 0.121992695095213 4.84007576439827 1.29789638144641e-06 7.337524882682e-05
"AT1G59740" 79.2474417075097 0.750166534121859 0.24053775650227 3.11870595714473 0.0018164713974704 0.0220016909983778
"AT1G59970" 401.007674358435 0.618153931094374 0.133812537702687 4.61955166314703 3.84570117924532e-06 0.000185838323375481
"AT1G60900" 3291.31129068181 0.643406003390125 0.0914004550165267 7.03941794681204 1.9304452133831e-12 4.8348311731311e-10
"AT1G61275" 386.690193464315 0.890919137941142 0.244993742170378 3.6364975286657 0.000276370293471888 0.00558786187113473
"AT1G62035" 265.743427230271 0.620044719109638 0.177701807505658 3.48924261273987 0.000484391293219544 0.00861913063534731
"AT1G62085" 302.902511128076 0.639593956098329 0.136938324373496 4.67067169855133 3.0021642428514e-06 0.000151028962299125
"AT1G62370" 673.345978218753 0.791746487466952 0.170788318326087 4.63583513923515 3.55499225923426e-06 0.000175416805065329
"AT1G62975" 467.359272633469 0.99610039110893 0.1408768082747 7.07071946978385 1.54132452234237e-12 3.98894786382205e-10
"AT1G63410" 202.856187643325 0.680915789178923 0.234817907333882 2.89976091223206 0.00373447394311537 0.0364557280314514
"AT1G64370" 2601.04962195515 0.594067327441971 0.137951631710059 4.30634505788635 1.65974088859415e-05 0.000613629917097379
"AT1G64380" 2113.74378404446 0.678595707851479 0.174212995319349 3.89520716642032 9.81148344027324e-05 0.0025279764633943
"AT1G64480" 72.1282437145933 2.02940692682936 0.316033371697654 6.42149566651106 1.34941855929589e-10 2.38111038508484e-08
"AT1G65120" 72.2150429664394 0.889841376070942 0.293972204638114 3.02695752194108 0.00247028669717881 0.0271918325853917
"AT1G65310" 10466.7486111429 0.707425643116313 0.19921246778323 3.55111128830594 0.000383608174768554 0.00718825551625837
"AT1G65370" 313.253174310933 0.714352987588935 0.142816180067862 5.00190515703121 5.67665174577463e-07 3.66261973580561e-05
"AT1G65985" 1222.79795424297 0.841895054230632 0.149814189291244 5.61959490094733 1.91405719404919e-08 2.02646455289971e-06
"AT1G66280" 10250.2890526085 0.637370475640116 0.165483638682699 3.85156188680515 0.000117366860432134 0.00289894900655915
"AT1G66345" 250.746832239321 0.667977428274086 0.144384112840306 4.6263914715665 3.72091701214559e-06 0.000181693079762883
"AT1G66460" 52.0053932319609 1.84497909883908 0.481688242694855 3.8302348600355 0.000128021010712631 0.00307970007128005
"AT1G67030" 1955.02368978456 0.633312678464478 0.164137719195102 3.85842255863012 0.000114121215871837 0.00284289985036024
"AT1G67105" 1029.8689565008 2.86733661980756 0.190876176165178 15.0219722409268 5.2715584638269e-51 2.45570279478912e-47
"AT1G67328" 62.2692226946894 1.45524288177895 0.48504683529844 3.00021106391419 0.00269792584889284 0.0288812461854914
"AT1G67940" 433.580562537897 0.681973245665094 0.137419355379502 4.96271608742258 6.95141594815838e-07 4.37601027741906e-05
"AT1G68350" 138.661278177287 0.703611554447812 0.221522479413976 3.17625351751738 0.0014919051020525 0.0191562588958141
"AT1G68530" 25882.352834216 0.703244914771607 0.138173822658094 5.08956690379597 3.58882225776123e-07 2.49524919485894e-05
"AT1G68880" 43.9399838587132 1.20302263530973 0.409237488688075 2.9396686974264 0.00328563356263347 0.0331581355896269
"AT1G69310" 475.460552773109 0.70652416332133 0.18824591623846 3.7531978246282 0.000174592963282038 0.00389115737215375
"AT1G70830" 49722.8955437119 0.782506941590493 0.115170647758304 6.79432613101782 1.08819966007638e-11 2.39116476249991e-09
"AT1G70850" 23366.7220950591 0.904652993634425 0.156013792897246 5.79854496730459 6.68927671615346e-09 8.16927372972584e-07
"AT1G70880" 104.385946167221 1.27383331909993 0.393182040373985 3.23980545471582 0.0011961127753375 0.0163245617619906
"AT1G70885" 294.506729259941 0.943128605409815 0.197636932318909 4.77202613066253 1.82381834828845e-06 9.76560390076655e-05
"AT1G70890" 3429.24081446344 1.13901432489531 0.15760329634862 7.22709709304427 4.93427343256316e-13 1.40157435111294e-10
"AT1G71015" 65.0551900070145 1.1140243138948 0.381278516024504 2.92181244700188 0.00348001029733541 0.0345951343770962
"AT1G71030" 3755.47073280726 0.62809042060489 0.156685461153953 4.00860689932012 6.10779895156365e-05 0.00172649093664831
"AT1G71990" 183.507069219262 0.607379969040425 0.199409209377056 3.04589728296826 0.00231987073096484 0.0261035889205956
"AT1G72140" 2533.58484740538 0.711187368171936 0.249431275127664 2.85123574743358 0.00435496678279716 0.0408850811386181
"AT1G72200" 1908.76109488783 0.686743823510142 0.182931141596258 3.75411106888423 0.000173957720725694 0.00388105673481117
"AT1G72510" 8151.7668587725 0.698266094032969 0.168735308690733 4.13823342281484 3.49990205857328e-05 0.00113064797154354
"AT1G73330" 2190.7384530704 0.998564583505429 0.285155217494366 3.50182820528317 0.000462077460664561 0.00829176287657855
"AT1G73650" 362.949345711648 0.678983761840468 0.135497528888585 5.01104165817498 5.41361926853924e-07 3.51236824520379e-05
"AT1G74660" 1556.74567220507 0.640833258897841 0.156361726088034 4.09840230682182 4.16011754185562e-05 0.00129024577609722
"AT1G74770" 1175.65009075956 0.993016827936246 0.226522642903461 4.38374201893559 1.1665791333098e-05 0.000458985830625876
"AT1G75750" 21202.8536212656 0.745113228758019 0.152619351167577 4.88216745162203 1.04926094009269e-06 6.23453719812218e-05
"AT1G76210" 18.0766819236502 1.89730557875119 0.502891017226628 3.77279671690013 0.0001614278110328 0.00366826982885461
"AT1G76220" 652.380402504517 0.850940230156761 0.188100091486407 4.5238693050729 6.07192271114767e-06 0.000269385188167717
"AT1G76230" 106.532835558454 0.863621087333298 0.309007168140773 2.79482541628245 0.00519277495217381 0.0465371735998586
"AT1G77885" 1116.69867902245 0.652737702758638 0.0888621049627534 7.34551249975716 2.04972171716756e-13 6.04330610585655e-11
"AT1G78930" 174.464519799247 0.612615440636359 0.193261911728347 3.16987157561323 0.00152506325999647 0.0193896143296058
"AT1G79130" 59.3894158163725 1.16143481940764 0.36328448836419 3.19703939091204 0.00138845964360922 0.0181176481898857
"AT1G79330" 152.513376153079 0.741801570017899 0.258307718958517 2.87177469186288 0.0040817386715193 0.0389416992270691
"AT2G01130" 885.57021879647 0.84537585757708 0.097091285241598 8.70702098003422 3.11965371280224e-18 2.07608497938828e-15
"AT2G01520" 256.274859079317 1.38603564012805 0.27716769204573 5.00071141011402 5.71191567056633e-07 3.66678170853723e-05
"AT2G01530" 9062.31008956095 0.687346828650112 0.179384137480376 3.83170350681262 0.000127259046637338 0.00307481090692621
"AT2G01880" 266.730565088088 1.265423501628 0.268581788935797 4.71150150068625 2.45898286256691e-06 0.000127560420567725
"AT2G01890" 4285.11199021432 0.853405523175118 0.160800990515728 5.30721558640924 1.11312496674191e-07 9.06535200187151e-06
"AT2G01905" 66.5500842330264 0.991245068754189 0.275488300580067 3.59813852953837 0.000320502903832342 0.0062417672542332
"AT2G02960" 3337.24517855532 0.597036518438195 0.11418033644604 5.22889086703949 1.7052998540098e-07 1.29380599998685e-05
"AT2G04570" 3475.5386682118 0.685022095612741 0.0953033052031644 7.18781047679757 6.58385634807568e-13 1.80413155363975e-10
"AT2G04800" 841.859380817114 0.961467310138737 0.112363194060561 8.55678158828884 1.160621243128e-17 6.59346097437498e-15
"AT2G05240" 1587.21601845456 0.815973165549878 0.107285094833758 7.60565264740881 2.83469698823879e-14 9.70967091912616e-12
"AT2G05280" 83.624293733533 0.909181149459531 0.299237816804737 3.03832302737592 0.00237898791441918 0.0265126251208859
"AT2G05540" 64920.3593723174 0.749445020245271 0.142453241260041 5.26098959641922 1.43282142089897e-07 1.11616309483541e-05
"AT2G07042" 125.441943960204 0.761421577309665 0.227259565411487 3.35044897199815 0.000806806729760497 0.0124222676980246
"AT2G12490" 2927.07488047666 0.720005686694976 0.100200336973149 7.18566133053945 6.68826460934461e-13 1.8114309218704e-10
"AT2G13547" 64.6905854225207 2.42561867693144 0.343263607182326 7.06634384239591 1.59068987674327e-12 4.06523748637379e-10
"AT2G14115" 90.9105681735956 0.971196854184915 0.23898625241359 4.06381892002791 4.8276283687318e-05 0.00145654300472152
"AT2G14210" 723.75496909021 0.936534456175202 0.240233111353907 3.89844035610694 9.68142397816118e-05 0.00249999697671098
"AT2G15400" 13.3280388406805 2.12118626185919 0.68140313013644 3.11296817998834 0.00185215985912319 0.0223757818665443
"AT2G16060" 245.513238787566 1.2903060805081 0.412792865891962 3.12579549484222 0.00177324818904495 0.0216216787418032
"AT2G16580" 159.447651904249 0.693217912181936 0.199601861953122 3.47300323453267 0.000514669152623468 0.00901328864880136
"AT2G17036" 463.457606257046 0.741746948911358 0.169030218506793 4.38825054752886 1.1426609565004e-05 0.000454178481208317
"AT2G17620" 67.7381406073312 0.774611677910786 0.278719235160476 2.77918270500704 0.00544958640790718 0.0480256400351775
"AT2G17710" 7473.95165708428 0.709909238359984 0.136655582347789 5.1948791711506 2.04852846509072e-07 1.51684221984799e-05
"AT2G17850" 13.4785750865415 2.20099372441159 0.672572149619087 3.27250202919958 0.00106600107354819 0.0150298408021093
"AT2G18010" 497.468779193019 0.632851127032648 0.207415020464233 3.05113451097326 0.00227978416883511 0.025807538321267
"AT2G18050" 9798.61908702442 0.663147489147927 0.073463350675048 9.02691591187069 1.76578007057343e-19 1.41822584151022e-16
"AT2G18150" 293.542551828028 1.56779309781556 0.250026523453927 6.27050712923447 3.59874071552792e-10 5.82096310736641e-08
"AT2G18650" 190.377185713407 0.836768111949734 0.195835620307897 4.27280854542268 1.93026184306015e-05 0.000694894263501655
"AT2G19385" 231.558213450647 0.587256620866417 0.146184135686805 4.01723906706672 5.88839792407349e-05 0.00168285355150331
"AT2G20080" 2801.35257583781 0.71599126188365 0.141604850355035 5.0562622684781 4.27553254928885e-07 2.90337329848501e-05
"AT2G20815" 349.78398927569 0.92222327223167 0.215330337269478 4.28283020370483 1.84530989461685e-05 0.000670915203120932
"AT2G21185" 466.4945306035 0.659145547557589 0.16981399474961 3.88157376857835 0.000103782660076123 0.00263318576120294
"AT2G21630" 200.313431152313 0.725612571696352 0.181872733802295 3.98967209942051 6.61646982854796e-05 0.00183029471789239
"AT2G22710" 201.572756773404 1.47709997016163 0.189256654728936 7.80474521372688 5.96218730361692e-15 2.35375028264145e-12
"AT2G23140" 2023.67422145425 0.782413188368532 0.0793917734003474 9.85509146423865 6.51573431766312e-23 8.92732257217702e-20
"AT2G24040" 1128.76796414819 0.748859462565405 0.144605004582177 5.17865522517125 2.2349107154892e-07 1.6318351217923e-05
"AT2G24130" 123.311632309717 0.958529097569483 0.272129695400218 3.5223245157416 0.000427780147115188 0.00780078511925913
"AT2G24945" 122.208194519487 0.969438313647995 0.215053113411627 4.50790178420909 6.54718688415581e-06 0.000285575050385313
"AT2G25160" 983.449044541999 1.13126596384001 0.169691736757827 6.66659429300603 2.61807507735725e-11 5.20932365319896e-09
"AT2G25590" 3491.48684515457 0.663908156219147 0.0862940241517814 7.69355888481232 1.4309780307351e-14 5.37586133740032e-12
"AT2G27010" 1080.18261839595 1.2278465785648 0.157918458251171 7.77519355344706 7.53321327951474e-15 2.92439339510762e-12
"AT2G27402" 159.46670085693 1.32754268256119 0.230432621413528 5.76108831474353 8.35732942300658e-09 9.88116329546544e-07
"AT2G28460" 536.064128901951 0.654211792991884 0.163938518078917 3.99059233094299 6.59084844991669e-05 0.0018253750546428
"AT2G28630" 6359.59069122104 1.18672153196222 0.269614354387991 4.4015517447356 1.07479428096602e-05 0.000430879662517394
"AT2G28720" 665.492778354231 0.627210869033175 0.111353107654072 5.63263012812954 1.77481833575447e-08 1.9050262062854e-06
"AT2G29525" 406.405465270833 0.657573131696877 0.133955544048341 4.90889075452956 9.15929799327955e-07 5.5269007476546e-05
"AT2G29620" 1899.15006901271 0.785988627640425 0.173673450432041 4.5256694427683 6.02046213254726e-06 0.000267611839678036
"AT2G29740" 740.292539128375 0.665094706923693 0.136782609483458 4.86242154200258 1.15958346494876e-06 6.71866121034489e-05
"AT2G31440" 506.171745386806 0.704929463124588 0.136290900725507 5.17224157571849 2.31302272891477e-07 1.67834658572844e-05
"AT2G31585" 2546.55800942007 0.6852943004442 0.161699256542828 4.23807947603451 2.25439970085049e-05 0.000783723549734472
"AT2G31930" 107.027042828443 0.712909050248305 0.216476013362163 3.29324731722406 0.000990373169256753 0.0142569665379038
"AT2G34010" 188.591181074435 0.735510238034926 0.26118616740111 2.81603825100502 0.00486198775504408 0.0443751641028553
"AT2G34490" 1590.1305135837 0.669384360896914 0.23948776413833 2.79506706033747 0.00518889504114461 0.0465203015005159
"AT2G35585" 253.727117448512 0.608347726184594 0.188859399600169 3.22116732062327 0.00127669588342191 0.0171217119428117
"AT2G35810" 1042.24188210779 0.690095090341236 0.190753523571951 3.61773181128651 0.000297196112744748 0.00590135708273715
"AT2G36050" 948.79624507808 0.587233366632361 0.185821033518441 3.16020934505287 0.00157655817031903 0.0198171575299897
"AT2G36307" 283.028630913373 0.734670722193659 0.176263646896188 4.16802179649869 3.07254559870862e-05 0.00101367892471843
"AT2G36500" 527.629341443808 0.687310032955611 0.190729850004979 3.60357874206721 0.000313865603177733 0.00613301814531522
"AT2G37130" 72946.6010825225 0.920874382611834 0.160527100615311 5.73656646810452 9.66151435552409e-09 1.11403956618251e-06
"AT2G37310" 77.1827616403607 0.832016671637469 0.297911055872977 2.79283583215597 0.00522482010408874 0.0467344507927938
"AT2G37440" 105.290839068728 0.977064145183862 0.335504035520257 2.91222769845005 0.00358860935815271 0.0353578211379411
"AT2G37750" 5560.76212611582 0.746290609166737 0.224564358299089 3.32328164103754 0.000889650430578606 0.0132746558802286
"AT2G37870" 306.648251944253 0.839329839764791 0.188913166203333 4.44293987885098 8.8737967719137e-06 0.000369746823634014
"AT2G38220" 18.2838272139672 1.57611686191901 0.526497888748248 2.99358629085149 0.0027571952870756 0.0293281586287259
"AT2G38640" 421.217790239426 0.72162488700407 0.202241768861931 3.56812982335374 0.000359538359903692 0.0068306423155602
"AT2G38760" 1814.62060270273 0.673616326044927 0.176446983643267 3.81766982997463 0.000134718048672176 0.00319590041613913
"AT2G38790" 1781.88802065121 1.40141980617407 0.218016131228188 6.42805556762801 1.29246498448563e-10 2.29802247470528e-08
"AT2G39180" 1448.77204641656 0.64858186820066 0.134058478170663 4.83805184909666 1.31117941664334e-06 7.39467093764086e-05
"AT2G39370" 753.755479465258 0.660794727489945 0.179473745864227 3.68184619041628 0.000231551097254478 0.00486319942042498
"AT2G39700" 1944.26678368629 0.814199827150516 0.0998616642665028 8.15327716727857 3.5419257905675e-16 1.61761834340977e-13
"AT2G40470" 161.890592990061 0.646383713381285 0.197597526411578 3.27121358814444 0.00107086998719011 0.0150441258479705
"AT2G41780" 471.541172205943 0.644425413485315 0.154076342745948 4.18250720389885 2.88311879142236e-05 0.000960709626463657
"AT2G43018" 19.6025133173724 3.28163704347667 1.13643442716672 2.88766070881734 0.00388118279817528 0.037557336823888
"AT2G43050" 33157.281155735 0.641017299997529 0.151928673999276 4.21919893805289 2.45171870308505e-05 0.000838552599592612
"AT2G43060" 3714.59100662372 0.652492261532741 0.15532852218991 4.20072406750243 2.66062701777484e-05 0.00089813513765234
"AT2G43940" 662.679030164282 0.599635873211947 0.178637520033494 3.35671852754963 0.000788733637948879 0.0122230099102497
"AT2G45380" 5221.08156816214 0.675067280220395 0.0688173466017096 9.80955113145302 1.02423142386142e-22 1.25559991182002e-19
"AT2G45830" 1046.08060613549 0.737064813168801 0.105541693848202 6.98363638382481 2.87635946236968e-12 6.7672893532843e-10
"AT2G46680" 3521.30451058246 0.699562861842825 0.184014788678394 3.80166652293074 0.000143726090442461 0.0033476680985858
"AT2G47485" 1284.62430256835 1.04910054605601 0.149394425171006 7.02235404604384 2.18160856109876e-12 5.34884490580131e-10
"AT3G02390" 184.73585064053 0.644069276286504 0.189181534966457 3.40450391419385 0.000662843503438582 0.0108267537742577
"AT3G02980" 207.664481327501 0.641843081772989 0.167893922341769 3.82290837464883 0.000131886797330941 0.00315715034268477
"AT3G03000" 1273.27339614112 0.587139954361458 0.153529885452065 3.82427142854069 0.000131159359832203 0.00314620371700481
"AT3G03230" 95.7657076933334 0.66606407925036 0.216829909792695 3.07182749781691 0.00212752636323227 0.0246049374639553
"AT3G03830" 945.026861530509 0.605805039220486 0.18418066548609 3.28918911016878 0.00100476489258134 0.0144297974562936
"AT3G03840" 731.93865806031 0.675691097289765 0.174653810767371 3.86874522989794 0.000109396874886278 0.0027457672519948
"AT3G03850" 868.186588858785 0.722801750439985 0.201557819296546 3.58607645668436 0.000335690575418392 0.00648333738196119
"AT3G04220" 24.316748419317 2.00887898410847 0.54800158569221 3.66582695480881 0.000246540600736864 0.00509984340351958
"AT3G04530" 275.929121873842 1.09029817570316 0.31442100971277 3.4676377914414 0.000525054479191739 0.00911294257029358
"AT3G05160" 1699.03884111966 0.913824216162044 0.113122337546733 8.07819424509791 6.57328444345888e-16 2.83527668994526e-13
"AT3G06145" 73.7177972843313 0.718030135031568 0.232866505760541 3.08344101564321 0.00204621669129871 0.0238779955780208
"AT3G06970" 18.4974480638162 2.02668979366697 0.512689499015241 3.95305501197076 7.71596885985721e-05 0.00207344631116456
"AT3G07040" 221.414255518384 0.626508938797451 0.196140803337728 3.19417952886981 0.00140228881931799 0.0182463090654739
"AT3G09190" 73.1867350558197 0.78666429258242 0.267064435061483 2.94559735144559 0.00322331696567713 0.0326850234064221
"AT3G09470" 2009.08981972535 0.648386749579293 0.0782826202518623 8.28263984385306 1.20474355337822e-16 5.97040145644371e-14
"AT3G09600" 1430.00860124393 0.606672668231694 0.114133952439132 5.31544431141324 1.06397386634213e-07 8.72608425874678e-06
"AT3G10660" 593.691614541705 0.629559379006775 0.172016831762146 3.65987079611656 0.000252342452267754 0.00518303386086466
"AT3G11600" 1463.89617076854 0.59851230993288 0.097520897122588 6.13727239588991 8.39503698002319e-10 1.26153033121742e-07
"AT3G12830" 754.015610458477 0.836229735040018 0.182501211360782 4.58205032615865 4.60439044670626e-06 0.000213636379053152
"AT3G13150" 105.214305235089 0.646458952971626 0.21628770577977 2.98888441504792 0.00279998031878603 0.0296441552659837
"AT3G14060" 290.94193718316 1.18847269442552 0.200619360332839 5.9240179634397 3.14169115394463e-09 4.06534835320435e-07
"AT3G14185" 163.985233455869 0.883356821900966 0.205416088384485 4.30032929186907 1.70544502475605e-05 0.000624579017556886
"AT3G14280" 1495.79561795559 0.603769413981561 0.203288080061215 2.97001877237343 0.0029778155149244 0.031019355533819
"AT3G15358" 580.684718392996 0.618169560995888 0.200053658659875 3.09001877364753 0.0020014384409857 0.0235085749709728
"AT3G15534" 67.9214531640054 0.835360146389001 0.281830346761983 2.96405321849352 0.0030361577400489 0.0314722679489181
"AT3G15540" 3912.45143098506 0.585980959613054 0.116322826797715 5.03754057346005 4.71551625170693e-07 3.11882904636725e-05
"AT3G16400" 60793.5754459004 0.662893513439237 0.159141772425987 4.16542748854663 3.10769689067172e-05 0.00102237960420234
"AT3G16430" 5828.21012522833 0.781007644209625 0.160797378741887 4.8570918899325 1.19122321562815e-06 6.83262929871751e-05
"AT3G16450" 18351.4626162941 0.609447628899493 0.166914492251323 3.65125652469916 0.000260960422705551 0.00533183347864709
"AT3G16770" 17444.4900600535 1.6107784088904 0.174945002788169 9.20734164005128 3.3430131710206e-20 2.78090938497899e-17
"AT3G18200" 1073.54406277409 0.87104426208912 0.177107413151678 4.91816941249737 8.73572947351493e-07 5.31260080671305e-05
"AT3G19508" 80.1329746073196 0.764945063664389 0.241234302603454 3.17096306540543 0.00151934459762191 0.0193485917811971
"AT3G21351" 238.362256831527 1.62922066144331 0.417903408131274 3.89855796756636 9.67672371988824e-05 0.00249999697671098
"AT3G21510" 410.947968661921 0.831954159808089 0.183674052072775 4.52951383398703 5.91195635175258e-06 0.000263319544271699
"AT3G21950" 14.3076869307008 2.20444123659851 0.660198891946884 3.33905625030323 0.000840635401131822 0.0127818509962098
"AT3G22565" 106.814613268174 1.20417514287307 0.353570964463994 3.40575234931572 0.000659820028892289 0.0108000900301892
"AT3G23090" 1710.36756509285 0.614898692522574 0.182755438234862 3.36459860489819 0.000766550880839851 0.0119638026659712
"AT3G23470" 235.968512735166 0.764337676867868 0.201701920456758 3.78944174223533 0.000150986214473529 0.00348886002729904
"AT3G23635" 411.712804272846 0.800756396192837 0.179187796032051 4.46881101238395 7.86555852530696e-06 0.000335539540607051
"AT3G23637" 44.0869936634875 1.01644970281391 0.331604644706979 3.06524567444493 0.00217491263407453 0.0249916453245505
"AT3G23870" 261.844928061454 0.939821649054472 0.211502833171905 4.4435416536033 8.84900149555753e-06 0.00036937444952424
"AT3G24020" 2198.27674594938 0.593319068413674 0.143066366777764 4.14715968383625 3.36625291828155e-05 0.00109813393519067
"AT3G24420" 1373.25605851828 1.32263813206337 0.176252966640448 7.50420351653724 6.18032216759573e-14 2.05645805610914e-11
"AT3G25010" 220.672733328137 1.40475984751315 0.166848407074446 8.41937823767394 3.78487599906354e-17 1.95905181711529e-14
"AT3G25011" 25.681209587945 1.59119282312216 0.483768267340533 3.28916328445762 0.00100485709574567 0.0144297974562936
"AT3G25013" 67.6985952128204 1.29554258733489 0.304813021599324 4.25028622641286 2.13497514900269e-05 0.000752312271869449
"AT3G25020" 289.414790097577 1.13870307136239 0.197122593804032 5.77662382270811 7.62144200362166e-09 9.15044469836885e-07
"AT3G25830" 950.883331152004 0.90634219156935 0.282182978865624 3.21189532838886 0.00131862409015075 0.0174935443288195
"AT3G25905" 123.126883308579 0.634894757312504 0.211684605707877 2.99924860000757 0.00270646375669324 0.0289435049682732
"AT3G25930" 2206.15950753399 0.644452906866953 0.194271779740538 3.31727494197901 0.000909001165241889 0.0134087746300279
"AT3G25990" 118.389205549628 0.793409857597021 0.195747759797703 4.05322573508364 5.05162154170029e-05 0.00149888368088259
"AT3G26050" 53.3912516098902 0.883028419742999 0.300834870478221 2.93525952739221 0.0033326881739863 0.0335127577992855
"AT3G27185" 225.308594617727 0.651532475153614 0.155523820873816 4.18927770352449 2.79843766609219e-05 0.000935168007440735
"AT3G27610" 968.685507132936 0.59206625482298 0.114938963386293 5.15113619768028 2.58913069852569e-07 1.86129729105125e-05
"AT3G27884" 506.900130123768 0.918596881806915 0.308873539171341 2.97402258630301 0.00293923439297155 0.0307550078531417
"AT3G27940" 99.8620869969224 1.98558271703342 0.28383387066606 6.99558059217507 2.64162678926322e-12 6.40924699744989e-10
"AT3G28620" 12.9331059671013 1.95361763761707 0.653063450912727 2.99146680906224 0.00277640717901269 0.0294347182583357
"AT3G28899" 12.5185692986812 2.03376415912242 0.65484322787081 3.10572679469421 0.0018981199988696 0.0227264549946879
"AT3G29630" 74.0892730234419 1.24299488919967 0.312786251879228 3.9739434893053 7.06923423938585e-05 0.00192806327756177
"AT3G29970" 21.9443304313799 2.37350257060811 0.853735994988027 2.78013646436613 0.0054336059500084 0.0479210714833758
"AT3G30180" 7608.62909367426 0.618250158776179 0.12677863607435 4.87661153266868 1.07923677249191e-06 6.31597560424158e-05
"AT3G30778" 31.4182040215064 2.15310034672313 0.48539004660887 4.43581478805665 9.17246868569388e-06 0.000379949153051825
"AT3G41761" 21.9248355846829 7.84199081041537 1.29020985909316 6.07807385375833 1.21634735377547e-09 1.74883719531717e-07
"AT3G42658" 136.528838065008 1.76321228759205 0.286703018310036 6.14996067354037 7.75021612929651e-10 1.18761864528667e-07
"AT3G42806" 637.154417165581 1.12645352066102 0.171831291010985 6.55557852142897 5.54265746187282e-11 1.03279662081553e-08
"AT3G43190" 156.330425255854 0.834909494850333 0.302320152790932 2.76167330276427 0.00575059883188914 0.0498485106037819
"AT3G44510" 337.392835390786 0.950984999771986 0.247539008022583 3.84175814296399 0.000122156172966371 0.00298558403014974
"AT3G44703" 43.503334237297 1.15923925525935 0.351612463026898 3.2969231104037 0.000977502575784986 0.0141416086926608
"AT3G45960" 87.2562181079179 0.703774232469956 0.232349589923142 3.02894544682758 0.00245408993268739 0.0271132260989686
"AT3G46490" 315.769649593573 0.587019943523816 0.200284871415829 2.93092503379875 0.00337954325709066 0.0338856313147463
"AT3G46700" 4774.76302479842 0.732007727574927 0.178296775692584 4.10555785280739 4.03340319615879e-05 0.00125933012392668
"AT3G47510" 1263.59247025533 0.778030413284192 0.0825309276941813 9.42713762005907 4.21432403905527e-21 3.94552008617805e-18
"AT3G47965" 1873.74576126504 0.860592778109773 0.17119751186097 5.02690003350436 4.9847203118643e-07 3.27053818320967e-05
"AT3G48020" 2646.10976053703 0.630230093079563 0.203341997620134 3.09936019344566 0.0019393908389502 0.0230235939963446
"AT3G48340" 249.750666685201 1.90925157308795 0.564988630034692 3.3792743279997 0.000726774477486539 0.0115392168572709
"AT3G48370" 49.9293208059042 0.989667181891514 0.358434037345723 2.76108594267497 0.00576095143611396 0.0499196729352554
"AT3G48400" 140.021827796654 0.72281607167873 0.228495221545312 3.1633750009752 0.00155951306495714 0.0196614182693096
"AT3G48940" 410.140899613102 1.02017202938174 0.188876367430778 5.40126879428483 6.61711860256366e-08 5.81607269777029e-06
"AT3G49750" 282.22407160141 0.702032699914715 0.192518481846523 3.64657301045195 0.000265760991581027 0.00541566493080076
"AT3G49860" 222.544465181085 0.603559870273531 0.178616635692556 3.37907982609419 0.000727288870218516 0.0115395179598976
"AT3G50970" 2044.50367445202 0.597891508028386 0.120793454072288 4.94970122859954 7.43274934416914e-07 4.62897320118683e-05
"AT3G52540" 292.267504116294 0.945816400156993 0.198162811137416 4.77292583168451 1.81568669974643e-06 9.7599345630964e-05
"AT3G53980" 219.349098458137 1.29202601049873 0.233177743203773 5.54094911781368 3.00836628572061e-08 2.95657668890314e-06
"AT3G54500" 5146.04049110357 0.762551830510786 0.0926530837393689 8.23018295490119 1.86927720337613e-16 8.88555196347692e-14
"AT3G54625" 164.564349651345 0.845682462859122 0.242963667443384 3.48069516630993 0.000500114320560448 0.00883813562556445
"AT3G55910" 268.51782290727 0.713629514837949 0.184934428076431 3.85882456966322 0.000113933682718283 0.00284126695703881
"AT3G55970" 266.337861622189 0.660750475287889 0.191195836943227 3.45588317115968 0.000548492996875749 0.00940758386099407
"AT3G56000" 735.166462441079 0.810144800051405 0.167470049973179 4.83755035710059 1.31449088615415e-06 7.39544002905857e-05
"AT3G56210" 861.801170604408 1.36832661398968 0.108075375645396 12.660854573194 9.74329080862568e-37 3.24201042163585e-33
"AT3G56960" 149.550581302883 0.797003648750258 0.178742777220978 4.458941844486 8.23652629046493e-06 0.000348809400650017
"AT3G57320" 683.964976093614 0.787337807876418 0.106667976028143 7.38120134264748 1.56867567547752e-13 4.74514205626264e-11
"AT3G57470" 2007.32929895068 0.683312867418417 0.179602330480567 3.80458797828546 0.000142040422022689 0.00332203032859232
"AT3G57540" 500.931164172781 0.641880572840289 0.199456009525249 3.21815609551255 0.00129017583774898 0.0172210748497703
"AT3G58190" 172.023747183217 0.891531712492043 0.205665383300609 4.33486519794604 1.4584947013856e-05 0.000552157877317357
"AT3G58390" 37.2373073781467 1.06834101160884 0.383346985191326 2.7868773014496 0.00532186250971002 0.0472396423689656
"AT3G59010" 939.74264116058 0.689009248564978 0.233457099787731 2.95133131179756 0.0031640732351083 0.032238667450631
"AT3G59320" 663.502454317076 0.690279059078097 0.137721478971473 5.01213800660009 5.38285745113716e-07 3.50216524446611e-05
"AT3G62990" 1397.18199493478 0.603446110783683 0.210220232621395 2.87054249374028 0.0040976811670371 0.0390201102790794
"AT4G00210" 74.8784105759529 0.93633155561315 0.329708720454039 2.8398750094439 0.00451312133951395 0.0419471756743651
"AT4G00250" 28.3318588837638 1.83884113728694 0.508341820852209 3.61733200350153 0.000297655401611016 0.00590345217175493
"AT4G00360" 22461.7293377357 0.769694972268054 0.122433853706197 6.2866188473907 3.24454651870497e-10 5.359714717282e-08
"AT4G01140" 549.393348575294 0.586420743643258 0.173266214084429 3.38450716859034 0.000713061569440136 0.0114244412268014
"AT4G01335" 322.620310192271 0.753454962087954 0.193801589650013 3.887764612502 0.000101171667406623 0.00258681887862008
"AT4G01593" 779.360100763313 1.22451631980357 0.114500356705091 10.6944323584725 1.08079397765674e-26 1.93645025596775e-23
"AT4G01680" 3595.8565407515 0.671933848274202 0.140592269026902 4.7793086556248 1.75898983630132e-06 9.50589124527386e-05
"AT4G01950" 9581.63173598155 0.598531032157165 0.18587850020412 3.22001216654909 0.00128185156348519 0.017143656855352
"AT4G02160" 10.2589008023007 2.88731645368496 0.829838895523645 3.47936987439351 0.000502594384439548 0.00886179288596968
"AT4G02360" 301.3470405053 1.07348197082799 0.299629159868623 3.58270193494745 0.000340058553414861 0.00654058119416924
"AT4G03420" 4443.5591722356 0.81863614156765 0.144320082756597 5.67236469056299 1.40839753372849e-08 1.57499488084195e-06
"AT4G04223" 170.551202670905 1.76272093855009 0.229416624380742 7.68349261222092 1.54808897076665e-14 5.66375951691117e-12
"AT4G04500" 10.6295469683975 2.04234064197034 0.722463509115831 2.82691183180977 0.00469992662976196 0.0432007462748286
"AT4G05100" 556.939242237222 0.889850704291527 0.18561082291511 4.79417466242528 1.63345914221076e-06 8.88937624775072e-05
"AT4G05590" 608.532353955014 0.837182916433593 0.234806499136839 3.56541628750108 0.0003632791058234 0.00688486324885161
"AT4G06701" 190.914735882525 0.788394946383741 0.172537091986933 4.56942294149392 4.89068942140716e-06 0.000223600457748498
"AT4G08040" 508.33645299074 1.34440296394812 0.169134262551481 7.94873223004659 1.88429841017184e-15 7.84742617655003e-13
"AT4G08109" 164.25245822134 1.21255663421038 0.169288119005993 7.16268005888507 7.91148486485498e-13 2.11809546519773e-10
"AT4G08250" 97.4205780065535 0.591471322939085 0.210457936017646 2.81040161341073 0.0049479714429275 0.0448616456468738
"AT4G10270" 63.9680883651948 0.79448941485895 0.261215556904897 3.04150879937142 0.00235395684886633 0.0263218256955327
"AT4G11190" 1861.18429352979 0.978233811649614 0.161694023181428 6.04990705532751 1.4492942419149e-09 2.0335518965471e-07
"AT4G11320" 43838.4062343123 0.814674532573604 0.121827916756395 6.68709236982695 2.27648202109129e-11 4.57101889959123e-09
"AT4G14305" 155.958364615539 1.13860685473471 0.187283922966 6.07957606132277 1.20500711710652e-09 1.74329352618914e-07
"AT4G14548" 620.738024660781 0.594859386456463 0.155267570182894 3.83118886806666 0.000127525563981835 0.00307487105203406
"AT4G14640" 188.67022446838 0.886936619480823 0.265208144622026 3.34430385139523 0.000824893376762158 0.0126155065867
"AT4G15070" 230.965587722248 0.667614522624258 0.229162327597012 2.91328216825532 0.00357651267000245 0.0352834108893253
"AT4G15880" 1754.72781102499 0.581207568874926 0.0731209970920183 7.94857280383516 1.88672448002233e-15 7.84742617655003e-13
"AT4G15920" 1534.60376427881 0.924027594987245 0.236685343495564 3.90403385921767 9.46025369213506e-05 0.002459243627201
"AT4G15990" 1818.76839448984 0.618296988298467 0.0949408821392328 6.51244199934568 7.39387680557059e-11 1.35604865004213e-08
"AT4G16620" 177.227491068052 1.14479031720215 0.414302602868855 2.76317433024801 0.00572421842053413 0.049693811200552
"AT4G16955" 20.2192106104153 1.6749723614728 0.512846482067665 3.26603071297232 0.0010906641945701 0.0151664181611502
"AT4G17340" 29404.753830931 0.869067806783104 0.237163827707957 3.66441971856379 0.000247899979884762 0.00512231352396815
"AT4G17460" 2961.44844401432 0.602896246043999 0.159295345641419 3.78477000452446 0.000153850794393455 0.00353053468277079
"AT4G17480" 410.425796830866 0.663907240458695 0.165285601359407 4.01672762175486 5.90118636955076e-05 0.00168414470374118
"AT4G17483" 219.728370001883 0.766391994425124 0.19648803818832 3.9004511495534 9.60135989851782e-05 0.00249036608859997
"AT4G18120" 4898.11038942156 0.877342091561407 0.0899634349701483 9.75220757024814 1.80499744797259e-22 2.10210002790888e-19
"AT4G18550" 1445.32310196542 1.23657561350495 0.235098581656495 5.25981741272997 1.44198513641197e-07 1.11955725991026e-05
"AT4G19380" 843.463987544338 0.611702958534083 0.161352485323081 3.79109721991113 0.000149983226341824 0.00346912542994416
"AT4G19420" 8732.22486738538 0.676765697922435 0.164782063490236 4.10703497448638 4.00770564199481e-05 0.00125454149905568
"AT4G20090" 192.973716171267 0.753494937122601 0.161606866032223 4.6625180948213 3.12363612316322e-06 0.000156128181503686
"AT4G21230" 273.395843379061 1.33794057520244 0.271894948060481 4.92079968659374 8.61913114603647e-07 5.25541368202831e-05
"AT4G21440" 123.737125159699 1.26660442727752 0.229655395020823 5.51523915718452 3.48305984346156e-08 3.36628339725754e-06
"AT4G21585" 79.1115048882517 1.00323173118023 0.262596683392437 3.82042803518943 0.000133220273120868 0.00317702693077923
"AT4G21620" 2076.58608896645 0.586512624228931 0.129487532887608 4.52949107261169 5.91259323605095e-06 0.000263319544271699
"AT4G21730" 226.593037672141 0.724428702570145 0.204276057859047 3.54632211999123 0.00039064837526575 0.00728004742209393
"AT4G21745" 846.765675474996 0.747829547156235 0.238089588879534 3.14095862265785 0.0016839582172133 0.0207967946952981
"AT4G21850" 6649.60703370368 0.749642521739293 0.137767659201104 5.44135340678913 5.28772956466704e-08 4.84888964646554e-06
"AT4G22390" 54.8196188263321 0.878720391903037 0.299630827351711 2.93267685327845 0.00336053465797516 0.0337240729226874
"AT4G23510" 1344.59361158154 0.836924742553373 0.149398746447656 5.60195291094094 2.11950141847172e-08 2.21378596587638e-06
"AT4G23670" 89402.7463264312 0.802435800875048 0.177617503807821 4.51777433908355 6.24930327477119e-06 0.000274121980934031
"AT4G24670" 76.4299796235397 0.969258302607849 0.292018338639717 3.31916929300693 0.000902856755231681 0.0133728607239157
"AT4G25020" 44.8720095355473 1.36699680311797 0.358133057137555 3.81700816463005 0.000135079701810149 0.00320068811247404
"AT4G25410" 215.122090091062 0.691934206032742 0.173834015500014 3.98043043556505 6.87905938862038e-05 0.00188724442025613
"AT4G26090" 542.194703487355 0.819940128683003 0.251821192667987 3.25604100272868 0.00112977434913781 0.0155892797038613
"AT4G26320" 648.685763440206 1.07207837292024 0.150705491469117 7.11373130779337 1.12946940025266e-12 2.95591025513315e-10
"AT4G28310" 123.306874774848 0.581389120583281 0.188584526948914 3.08290998200916 0.00204987151745647 0.0239086666923366
"AT4G28530" 281.898748038882 1.18333117375442 0.282520427461344 4.18848004863765 2.8082899390336e-05 0.000937115891976656
"AT4G28556" 33.2749826478373 1.58199993352184 0.385219594800985 4.106748345289 4.01267996220367e-05 0.00125454149905568
"AT4G28840" 367.380454149118 0.581686418880329 0.194077626267973 2.99718432292224 0.00272485904304623 0.0290868088133056
"AT4G28890" 930.612602739058 0.79257691608224 0.147966605156477 5.35645806865731 8.48691844760945e-08 7.08520804593976e-06
"AT4G29110" 510.450016784336 0.591348900372926 0.194315850693186 3.04323552743329 0.00234049069945216 0.0262216014293601
"AT4G29905" 32356.0755944475 0.886440738753246 0.13939248823938 6.35931498138518 2.02655465286631e-10 3.42047180975088e-08
"AT4G29930" 737.768983430267 0.586326300090204 0.210232463724975 2.78894272417048 0.0052880416107691 0.04701671489132
"AT4G29990" 373.613422177343 0.79719253880996 0.136351732069179 5.84658901439916 5.01755124286906e-09 6.28326900800571e-07
"AT4G30280" 3573.92597520782 0.673554254889987 0.23966414122802 2.81040898082938 0.00494785816522446 0.0448616456468738
"AT4G30420" 284.25184278128 1.0498670477505 0.221322454631939 4.74360836769334 2.09944549611494e-06 0.000110384389380382
"AT4G30460" 134.478271668069 0.79509536032123 0.221735294119525 3.58578621179107 0.000336064194667106 0.0064851758261692
"AT4G31310" 396.422004447516 1.1686518722301 0.170262148825489 6.86383838270428 6.70344681884527e-12 1.50131426254369e-09
"AT4G31730" 1140.55993641984 0.603647998497831 0.118177157849223 5.10799218295635 3.25600117982099e-07 2.30513007539181e-05
"AT4G34810" 113.837313679347 0.770241696526834 0.190074187219874 4.05232140035844 5.07119338811983e-05 0.00150165126488773
"AT4G34880" 71.6199540688123 0.819014693226387 0.270594228644202 3.02672639150516 0.00247217618303606 0.0271997768801492
"AT4G34920" 4482.68451975296 0.646945344880854 0.14978731100019 4.31909312318205 1.56671667473078e-05 0.000584807128010087
"AT4G35060" 1836.14927971566 0.630547113065593 0.159948965259541 3.9421768814974 8.07453910418979e-05 0.00215679088090354
"AT4G35690" 52.9531885092101 1.54003589970974 0.422529008163577 3.64480513752924 0.000267594475980989 0.00544350265026132
"AT4G36430" 923.627475489814 1.81795929621004 0.191266307490273 9.50485906307622 2.00319083333337e-21 2.12083276772732e-18
"AT4G37150" 144.501826337037 0.636280302849212 0.200934494566323 3.166605635446 0.00154229318480758 0.0195727200593356
"AT4G37220" 18812.0719691685 0.584025184481185 0.140204310372443 4.16552945433534 3.10630813139112e-05 0.00102237960420234
"AT4G38060" 7964.5484001509 0.670571341193282 0.131583171168095 5.09617860126384 3.4657817408583e-07 2.43147555144793e-05
"AT4G38620" 1657.07947399337 0.7820992347155 0.117989927902633 6.62852540566766 3.3905677473104e-11 6.63639529162638e-09
"AT4G38850" 429.262618449819 0.797410092694869 0.209606782327236 3.80431436350166 0.000142197502902565 0.00332203032859232
"AT4G39320" 264.156140920173 1.34717333764413 0.144634904110429 9.31430311327588 1.22755723195401e-20 1.05897270543233e-17
"AT4G39404" 30.6911157589621 1.2552610540191 0.386768281623918 3.24551188310649 0.00117239671329909 0.0160443385700131
"AT4G40010" 571.729729365213 1.0215145829978 0.187824621392279 5.43866174426793 5.36822623751475e-08 4.90340100094877e-06
"AT4G40070" 927.490458893526 0.719830265290746 0.164661091195094 4.37158687620912 1.23346751404789e-05 0.000479631474744631
"AT5G02090" 3204.22523647886 0.982420611971099 0.152018945712448 6.46248799691982 1.02995317945578e-10 1.87419292624094e-08
"AT5G02100" 2069.72540071761 0.968986731198805 0.0982532956766576 9.86212955530418 6.07470969848591e-23 8.84325864357086e-20
"AT5G02320" 653.468624228515 0.634902954568182 0.0948896598618931 6.69096037958456 2.21710691086159e-11 4.49050905806853e-09
"AT5G02420" 596.553361898574 0.697945930629949 0.194673151133947 3.58521925886801 0.000336795130316361 0.00649390080739128
"AT5G02680" 453.146006689399 0.793734503791112 0.15738479664565 5.04327305246767 4.57635471840263e-07 3.06300155462741e-05
"AT5G02690" 122.306500442628 1.37323416250768 0.210632660211125 6.5195690028851 7.05096974439153e-11 1.30342212132038e-08
"AT5G03090" 18.5344846356064 2.97016767485262 0.62139171214618 4.77986367824922 1.75414093995904e-06 9.50173273802927e-05
"AT5G03210" 1374.0115816118 0.624335061669209 0.142034604156705 4.3956546038625 1.10439425225534e-05 0.000440471762389237
"AT5G03640" 499.747945890757 0.60820498097313 0.137169532045618 4.43396556001124 9.25154115117987e-06 0.00038139273715625
"AT5G03670" 1799.2470395765 0.858861896393065 0.148123019135485 5.79830131336632 6.69900086887187e-09 8.16927372972584e-07
"AT5G05290" 617.049252408013 1.04859744612852 0.219889234428492 4.76875299899925 1.85369770523817e-06 9.90282728220352e-05
"AT5G06720" 247.479875594954 1.19743357908457 0.21198484218347 5.64867547486345 1.61688755884115e-08 1.75983855236113e-06
"AT5G07322" 1212.12307003707 0.694808121824226 0.142469435625566 4.8768924981938 1.07770129582246e-06 6.31597560424158e-05
"AT5G07680" 760.953944719511 0.581050483481415 0.116989198109386 4.9667019936159 6.81011150813404e-07 4.29867526415875e-05
"AT5G07990" 165.887970569327 0.779412246182014 0.238390524828202 3.26947661507816 0.00107746643032344 0.0151000891065544
"AT5G09240" 150.40498337361 0.677194725055965 0.174426036301088 3.88241766777877 0.000103423038600188 0.00262983560597771
"AT5G10140" 1492.93179535335 1.40199432388923 0.0846937670862954 16.553689511304 1.5058469478056e-61 8.768546777072e-58
"AT5G10260" 57.4831328418076 0.955227551447612 0.283969163276279 3.36384253989667 0.000768653841555864 0.0119675703726733
"AT5G10280" 522.594580355776 0.809840292170843 0.176675016595439 4.58378500693883 4.56633752176951e-06 0.000212293679754602
"AT5G10770" 5583.18778081668 0.894132044180411 0.266872548126523 3.35040846447986 0.000806924739271476 0.0124222676980246
"AT5G15190" 1119.45527815512 1.04332567348549 0.172199548518771 6.05881770573724 1.37125687621985e-09 1.94751921712882e-07
"AT5G15360" 39.1927586826583 2.2070753115143 0.459710267279898 4.8010137440992 1.57864432700297e-06 8.71321887785619e-05
"AT5G16250" 1544.53372735834 0.670806926550901 0.102063410481522 6.57245258987641 4.94931493654336e-11 9.3723124798348e-09
"AT5G16410" 143.104554006249 0.756546654605314 0.190895473628771 3.96314611459331 7.39684783693277e-05 0.00200567380463141
"AT5G18060" 1627.09231133235 0.620133153599262 0.171901979128841 3.60748117469008 0.000309183963025228 0.00605678121680707
"AT5G18370" 828.86595935148 0.625618717499093 0.166530679449172 3.75677754734702 0.000172115364137418 0.00385101927136287
"AT5G18661" 39.0502266108879 1.40593655936507 0.350066992381412 4.01619287154398 5.9145856673094e-05 0.00168414470374118
"AT5G19840" 295.797555360863 0.68695206075876 0.130072402950335 5.28130522060897 1.28266799399963e-07 1.01274247173693e-05
"AT5G20410" 266.265631918657 0.605476636239364 0.143167707642105 4.22914249456975 2.3458373520213e-05 0.000811875833629719
"AT5G20700" 31541.1491783785 0.6726632227418 0.129303514859431 5.20220369471836 1.96939197627474e-07 1.46552964573135e-05
"AT5G20740" 109.205159601705 0.937257241255083 0.21892516797167 4.28117630302043 1.85907995511663e-05 0.000673432197738359
"AT5G22400" 600.017167279862 0.640039541264204 0.108325412599469 5.90848930001991 3.45259234347907e-09 4.44297131847041e-07
"AT5G23750" 2590.96244628067 0.619181770362237 0.141797063740098 4.36667554341708 1.2615190637415e-05 0.000488906855784808
"AT5G24355" 7.86076162523507 3.35092010715461 0.943550647749358 3.55139399792426 0.000383196313492282 0.00718631927042047
"AT5G24735" 8889.32632702351 0.592307074076548 0.0657779624138002 9.00464308016148 2.16368454465242e-19 1.67988468046814e-16
"AT5G24910" 1321.00533741301 0.633888437598585 0.113686936401952 5.57573682307178 2.46484328354935e-08 2.50929306372802e-06
"AT5G25130" 192.270047879349 0.581011469447819 0.154373912364417 3.76366356561772 0.000167442119623651 0.00377912969987799
"AT5G25570" 168.866320246499 0.939566218582809 0.177258859146614 5.30053179348107 1.154658551427e-07 9.30598857433833e-06
"AT5G25610" 19697.1532753097 1.25487162721565 0.255618056850382 4.90916660066055 9.14642526447216e-07 5.5269007476546e-05
"AT5G25830" 702.731512808522 0.733998459773142 0.19062240404776 3.85053616042551 0.000117859526474253 0.00290708742538608
"AT5G26010" 158.346229644817 1.04419321711786 0.203516536166016 5.13075368119511 2.88584344947128e-07 2.06187317868359e-05
"AT5G26970" 140.360632858737 1.41983523394972 0.396546765574736 3.58049883950479 0.000342938866626509 0.00658510476625281
"AT5G27250" 99.4045637129142 0.755802734462995 0.243409153996251 3.10507112018735 0.00190233277543478 0.0227342919473714
"AT5G28020" 1801.49126254559 0.606867792656047 0.162219040323629 3.74103922354205 0.000183260914559348 0.00405005420558506
"AT5G36220" 122.025155856485 0.886926304993483 0.308010225769336 2.87953525821473 0.00398261763291207 0.0382686179479323
"AT5G37300" 787.617968406069 1.0399063819348 0.157425250259349 6.60571528532824 3.95602546684828e-11 7.55276599785493e-09
"AT5G37770" 2104.54097726492 0.600256162368155 0.130145018593827 4.61221004732814 3.98410085927195e-06 0.00018938301472278
"AT5G37790" 5939.6124184623 0.581127344813692 0.144748596790131 4.01473560159108 5.95124704137327e-05 0.0016925084992389
"AT5G38005" 404.752329276254 2.03135274982497 0.206547183661657 9.83481214225852 7.97162426289538e-23 1.03152817961866e-19
"AT5G38040" 94.0062768698709 0.730728585734108 0.223689995353499 3.26670213649623 0.00108808098113941 0.0151664181611502
"AT5G38280" 873.226312471647 0.600456016235602 0.12634695852707 4.75243744080277 2.00978964470608e-06 0.000106390955464759
"AT5G38940" 190.62097711308 1.06463486597364 0.229266691279014 4.64365259530002 3.42302958817288e-06 0.000169636606739836
"AT5G39150" 40.3465071292697 2.03745872359269 0.486158194174412 4.19093774003477 2.77803890333934e-05 0.000931022764555105
"AT5G40942" 167.830436152711 0.792021420504681 0.209451560911834 3.78140614974014 0.000155945012105491 0.00356804638699518
"AT5G41080" 13610.1011583685 0.661410239759815 0.169928284444159 3.89229045607864 9.93022574224892e-05 0.00255292293585499
"AT5G41370" 3432.86492091615 0.72016857496327 0.0597441046103273 12.0542199043817 1.84268846678947e-33 5.36498747105755e-30
"AT5G41900" 1146.39999164178 0.602342258611093 0.185485007284237 3.2473905434743 0.00116468452833024 0.0159763439539859
"AT5G42250" 1603.15337333508 0.692895030250755 0.17791871414914 3.89444715562601 9.84229446290051e-05 0.00253311295723623
"AT5G42460" 207.989345019145 0.656399502394638 0.158868731544617 4.13170984631607 3.60074761640942e-05 0.00115204139397539
"AT5G42785" 66.0597344110143 0.733769399295114 0.26420311261648 2.77729278822034 0.00548137778962145 0.0481879416809497
"AT5G43403" 558.948122128455 0.627073259248032 0.156087485014644 4.0174473897712 5.88319644046356e-05 0.00168285355150331
"AT5G43540" 478.85624866265 0.671600442784697 0.185335768084949 3.62369579128875 0.000290423169764204 0.00580148925398615
"AT5G44005" 584.251874055549 0.765070960684829 0.135661941009608 5.63954013182405 1.70504911321165e-08 1.83861129374657e-06
"AT5G44130" 1005.82530161627 1.3533856552558 0.20036727853435 6.75452431732151 1.43304632676649e-11 3.03441045845865e-09
"AT5G44210" 164.360105503057 0.649482068732353 0.176898813966836 3.67148910819783 0.000241141356591523 0.00501134722632889
"AT5G44920" 3437.15561457951 0.704983935847634 0.132996823884135 5.30075768171579 1.15323069816613e-07 9.30598857433833e-06
"AT5G45440" 156.729517990702 0.692789886860397 0.166177954465645 4.1689638621928 3.05987494971493e-05 0.00101093060040795
"AT5G45472" 111.407790483176 0.958307468705505 0.324838043591541 2.95010848517024 0.00317662367270641 0.0323523911607686
"AT5G46920" 434.668424506343 0.627800360968587 0.121263420925547 5.17716188589173 2.25286722922775e-07 1.63980573447415e-05
"AT5G47990" 5611.43509274454 1.14624739562408 0.25684850192276 4.46273732197503 8.09192273770085e-06 0.000343936248917022
"AT5G48000" 1384.74559372625 0.964886956888232 0.233271746589875 4.13632156912959 3.52917540181227e-05 0.00113695094687429
"AT5G48320" 110.253049949587 0.674673835626661 0.197474717739955 3.41650740584982 0.000634299385113801 0.0105004273475982
"AT5G48440" 613.648371677537 0.646852791710137 0.140189767514627 4.61412272220687 3.94759134204938e-06 0.000188416593317652
"AT5G48780" 221.557488826054 0.601491883537578 0.152934845316211 3.93299435647856 8.38942081282774e-05 0.00221800669208154
"AT5G49290" 205.006700520585 0.608042001560903 0.192798669600723 3.1537665836602 0.00161177944050417 0.0201187388682867
"AT5G50011" 25.5090860602567 2.66026837423945 0.883425956865975 3.01130881831565 0.00260124150103105 0.0282579134841181
"AT5G52120" 2386.78459873669 0.674295613408784 0.177317186738057 3.80276512284673 0.000143090004384411 0.00333953144501173
"AT5G52260" 55.4676050718173 1.26285303721666 0.361622724120765 3.49218385068888 0.00047908836538937 0.00854435391014487
"AT5G53250" 9802.54175079146 1.13994214666021 0.185256487504205 6.15331836427232 7.58782692419853e-10 1.17043486568498e-07
"AT5G53370" 752.63521339069 0.693834770743875 0.132318628266571 5.24366659353559 1.57416543849051e-07 1.21008123410301e-05
"AT5G54230" 739.385854134122 0.819927721997463 0.267371417110636 3.06662443898476 0.00216490674784398 0.0249135414875406
"AT5G54585" 863.106727994348 0.603923806718433 0.165230151610835 3.65504601206716 0.000257135856811212 0.00525830410609898
"AT5G54900" 1309.64037695369 0.638239576627269 0.0922678228787309 6.917249770444 4.60495780480946e-12 1.05155565872178e-09
"AT5G55170" 259.215645810957 0.731785191141918 0.18026685733792 4.05945497663026 4.91873906016136e-05 0.00147638234779998
"AT5G55410" 91.040176243017 2.20743632103627 0.652466398133787 3.38321839615048 0.000716416366074573 0.0114331593474823
"AT5G56370" 114.778895894352 1.06322887340388 0.201100134433687 5.28706197237516 1.24296539231167e-07 9.91477736908333e-06
"AT5G56490" 55.2590293425953 0.861468926115182 0.285008524828345 3.02260757510334 0.00250606992339939 0.0274688850145029
"AT5G56660" 1144.49790693991 0.60545356847088 0.159604304843824 3.7934664047021 0.000148558738542732 0.00343959258264147
"AT5G56870" 138754.646906038 0.689004458539509 0.119696991671239 5.75623872345876 8.60087343367788e-09 1.01177547483447e-06
"AT5G56985" 216.680110052808 0.940220257234414 0.316484865679998 2.97082217569634 0.00297003698924054 0.0309521707174008
"AT5G57400" 148.251955238066 1.33124933270669 0.28935544528165 4.60074055772785 4.20991518754178e-06 0.000198095645551966
"AT5G57785" 1520.27724798218 1.19749122431197 0.127032829739015 9.42662795729401 4.23484467432815e-21 3.94552008617805e-18
"AT5G58660" 390.409513441815 0.76836173483496 0.235564100065175 3.261794707353 0.00110709287818568 0.0153490519754171
"AT5G58750" 108.581787607313 1.01205549669413 0.27006699014701 3.74742391190875 0.000178660006425649 0.00396675317665677
"AT5G59470" 187.976867549802 0.794076310025178 0.206674987973477 3.84215002410976 0.000121961247547391 0.00298395102717838
"AT5G59780" 9689.37090908847 0.651450799578359 0.11337259192655 5.74610484340352 9.1322694634994e-09 1.06354410171914e-06
"AT5G61660" 545.26680152252 0.692290590208027 0.117616801625656 5.88598381047131 3.95693049025125e-09 5.03632923382143e-07
"AT5G62920" 912.560325554079 0.628504801447351 0.17165227336975 3.66150001458769 0.000250742846964073 0.00516383942660228
"AT5G63030" 1492.19974765528 0.679243133164982 0.108247297032475 6.27492003759875 3.49814025782726e-10 5.69780999197989e-08
"AT5G63590" 849.748783814512 0.678083610293627 0.192492407641915 3.5226511975217 0.00042725325797063 0.00780078511925913
"AT5G65040" 497.299493698736 0.598731229104589 0.135646262505595 4.41391615253603 1.01517290181668e-05 0.000409799085426586
"AT5G65207" 5788.40842867982 0.624799334640182 0.123296004394927 5.06747430872861 4.03128892134651e-07 2.75357130662765e-05
"AT5G65925" 1664.18119057968 0.717039948653359 0.126866676314247 5.65191718964295 1.58668033625862e-08 1.73506846911436e-06
"AT5G67620" 72.5624339207795 1.07065731653449 0.304119374246513 3.5205166365581 0.000430706972877737 0.00783752094708456
